#Transcript position	Transcript coverage profile
0.0	5.720548706739149
1.0	16.896699476384057
2.0	25.335949270375362
3.0	32.24179132517785
4.0	37.700083233470906
5.0	43.24090327766353
6.0	48.68545496875525
7.0	51.18728225017511
8.0	53.652721730203645
9.0	57.17952624266742
10.0	56.59331615012885
11.0	57.03401020299962
12.0	60.9781778542669
13.0	62.0241678218048
14.0	63.944955331571684
15.0	64.36090411907706
16.0	60.8653879647466
17.0	59.211357531341896
18.0	58.99084761555763
19.0	58.14607060484884
20.0	57.647192799712165
21.0	54.93766893518516
22.0	53.41822004433153
23.0	53.88937474846158
24.0	54.9164874548179
25.0	54.87234212567775
26.0	54.537331583527255
27.0	53.87156855780777
28.0	57.00388117445806
29.0	57.16931773299835
30.0	58.627396170150085
31.0	57.248553263638755
32.0	58.91521942993854
33.0	61.3721645954924
34.0	63.32909960300749
35.0	61.94351151620433
36.0	59.68329205487486
37.0	61.38383502587591
38.0	62.01174763677913
39.0	61.424421097288224
40.0	62.000404174219376
41.0	61.29107927485184
42.0	61.30367334767672
43.0	60.603544645204614
44.0	60.083135043841054
45.0	59.011165502552004
46.0	59.02827131764106
47.0	59.33114305702609
48.0	57.58939244940078
49.0	56.88145479906689
50.0	59.51199022963866
51.0	60.338525254168836
52.0	61.22376169063484
53.0	61.75617980556825
54.0	62.52706990777589
55.0	60.5659993534737
56.0	61.37161303279022
57.0	62.033157002347984
58.0	62.1449131318428
59.0	60.696452749576814
60.0	63.23351965020171
61.0	60.68531424311978
62.0	60.16924081324134
63.0	61.042728606430465
64.0	61.399401400665546
65.0	61.7346041257535
66.0	64.32336501738061
67.0	63.03344123888115
68.0	62.267955387248115
69.0	62.47474228765477
70.0	60.56856072143304
71.0	61.07010630485948
72.0	61.491860918030056
73.0	61.687749265335526
74.0	62.374015368887235
75.0	62.028465901600306
76.0	58.62677709252991
77.0	55.73925711401462
78.0	53.79932232892204
79.0	54.84865433765604
80.0	56.46199075244121
81.0	54.41203012970657
82.0	53.181141347352074
83.0	53.50501537535721
84.0	50.535822232945364
85.0	47.79949796894401
86.0	46.14429259898711
87.0	45.34378657886304
88.0	42.78033230047353
89.0	38.50244214231823
90.0	35.032624402245524
91.0	31.488401879446002
92.0	25.12413706771467
93.0	18.543125567132893
94.0	15.559149209154427
95.0	13.626283592170418
96.0	12.382662248795842
97.0	8.152780294119799
98.0	4.012902826623192
99.0	0.9745724513698663
